357148093014369
355439100042804
357148093006670
357148093000046
355438100538928
357148093008502
357148093009146
357148093007769
357148093008387
357148093007280
357148093006944
355438100000846
357148093013023
357148093014468
355438100001166
357148093008122
355438100040347
355438100042525
355439100040741
355439100040824
355438100043549
355439100041061
355439100041244
355438100049140
355438100048662
355438100049066
355438100048761
355438100048621
355438100048605
355438100048969
355438100048985
355438100049108
355438100048647
355438100048746
355438100048845
357148093014328
355438100046864
355439100040642
355438100046880
355438100046344
355439100051086
355438100043002
355438100041287
355438100050023
355439100049841
355438100042905
357148093002463
355438100043085
355438100048787
357148093014385
355438100043424
355438100041782
355438100050148
355439100046524
355438100000085
357148093006407
357148093005920
357148093005763
357148093006746
357148093002927
357148093007082
355439100000448
357148093005417
357148093002521
357148093005722
357148093007058
357148093010847
355438100040446
355438100040206
355438100040529
357148093014344
355438100040545
355438100040222
355438100040321
355438100041105
355438100041162
355438100042483
355438100042509
355438100042467
355438100042442
355438100042426
355438100042400
355438100042384
355438100043226
355438100043861
355438100044026
355438100044042
355439100041400
355439100041327
355438100040586
355438100041345
355438100041246
355438100041121
355438100041386
355439100041806
355439100041384
355439100000463
355438100043929
355438100045148
355438100048340
355438100048704
355438100049025
355438100049124
355438100048803
355438100048886
355438100048902
355438100048860
355438100048589
355438100049009
355438100048829
355438100048688
355438100047227
355438100046906
355438100046047
355438100046948
355438100045965
355438100047102
355438100046484
355440100000024
355438100047300
355438100046567
355438100047425
355438100046328
355440100000040
355440100000008
355438100047342
355438100047284
355438100047508
355438100047243
355438100047540
355438100046963
355438100047524
355438100047383
355438100047367
355438100046724
355438100047060
355438100046286
355438100045742
355438100047045
355439100041582
355439100000521
355438100047201
355438100045882
355438100047003
355438100047029
355438100047409
355438100046245
355438100047482
355438100046187
355438100047128
355438100046062
355438100043903
355438100046989
355439100045187
355439100044149
355438100046427
355438100046740
355438100052383
355438100044323
355438100049926
355438100050189
355439100000547
355438100054561
355438100054181
355438100074940
355438100073702
355439100051169
355439100047928
355439100047746
355439100048025
355439100046920
355439100050740
355439100047167
355439100048124
355439100048967
355439100046946
355439100050443
355438100051161
355438100052029
355439100049007
355439100047563
355439100067249
355439100052043
355439100052209
355438100082067
355438100046468
355438100074163
355438100040461
355438100047144
355439100164905
355439100040287
355438100041469
355438100097024
355438100049348
355438100074866
355439100169086
355439100062588
355438100093163
355439100048363
355439100055301
355439100169086
355439100055467
355439100060244
355439100063586
355438100042269
355439100048744
355439100055285
355438100044125
355438100097046
355438100096984
355438100097065
355438100074684
355438100096901
355438100096927
355438100097008
355438100096943
355438100041584
355439100042309
355438100073744
355438100049041
355438100048928
355438100046609
355438100042806
355438100042822
355438100042988
355438100048506
355438100048480
355438100093320
355439100056200
355439100064048
355438100416901
355439100042283
355439100063081
355438100417149
355438100046401
355439100040667
355439100000968
357148093009146
357148093007769
357148093008387
357148093007280
357148093006944
355438100000846
357148093013023
357148093014468
355438100001166
357148093008122
355438100040347
355438100042525
355439100040741
355439100040824
355438100043549
355439100041061
355439100041244
355438100049140
355438100048662
355438100049066
355438100048761
355438100048621
355438100048605
355438100048969
355438100048985
355438100049108
355438100048647
355438100048746
355438100048845
357148093014328
355438100046864
355439100040642
355438100046880
355438100046344
355439100051086
355438100043002
355438100041287
355438100050023
355439100049841
355438100042905
357148093002463
355438100043085
355438100048787
357148093014385
355438100043424
355438100041782
355438100050148
355439100046524
355439100050062
